-0.1436515599489212
0.06709131598472595
-0.009689949452877045
-0.03599412739276886
-0.0801667869091034
-0.023378971964120865
-0.049238063395023346
-0.073452889919281
0.15182408690452576
-0.08582714945077896
0.22736243903636932
-0.060464996844530106
-0.25888723134994507
-0.09807814657688141
0.01571926847100258
0.06434431672096252
-0.1102224737405777
-0.1707521378993988
0.0011147800832986832
-0.18211983144283295
0.06084255501627922
0.03707512095570564
-0.0054532987996935844
0.06682277470827103
-0.16089999675750732
-0.35441145300865173
-0.09787294268608093
-0.10960131883621216
0.012324536219239235
-0.1580604612827301
0.0301380455493927
0.04833892732858658
-0.13835862278938293
-0.030467530712485313
0.07624343782663345
0.16413597762584686
-0.024525245651602745
-0.0997016504406929
0.21470531821250916
-0.005872608628123999
-0.04813705012202263
-0.010205739177763462
0.042837947607040405
0.34562185406684875
0.06917212903499603
0.04630693048238754
-0.033780355006456375
-0.03997111693024635
0.20743367075920105
-0.25600045919418335
0.17832472920417786
0.19731585681438446
0.11277763545513153
0.013667193241417408
0.1503472477197647
-0.10539768636226654
0.02807764708995819
0.1235036700963974
-0.2321862429380417
0.07847514748573303
0.05857409909367561
-0.028493322432041168
-0.07813955843448639
-0.11736131459474564
0.19174762070178986
0.1346169263124466
-0.11721047759056091
-0.10434601455926895
0.08993615955114365
-0.12682102620601654
-0.06420761346817017
0.059278666973114014
-0.10162139683961868
-0.21236266195774078
-0.18947775661945343
0.1408386081457138
0.42607855796813965
0.18969625234603882
-0.1942010074853897
0.06707768142223358
-0.04035382345318794
-0.05120973661541939
0.08030495792627335
-0.007121783681213856
-0.11124040186405182
-0.0019236868247389793
-0.16861921548843384
0.04342057555913925
0.18359346687793732
0.030231360346078873
-0.09258514642715454
0.2271270453929901
-0.011818300932645798
0.06475311517715454
0.10245334357023239
0.010666271671652794
-0.15931478142738342
-0.060035187751054764
-0.1328752189874649
-0.10418732464313507
0.12053707987070084
-0.11296621710062027
-0.052158404141664505
0.05043197050690651
-0.18949517607688904
0.1644500494003296
0.00440124049782753
-0.031295906752347946
-0.022829264402389526
0.012919586151838303
-0.18614675104618073
-0.011754191480576992
0.13638560473918915
-0.31795433163642883
0.15168794989585876
0.07588865607976913
0.0812232717871666
0.23661988973617554
0.0970529094338417
0.03879830241203308
0.022280491888523102
-0.0789707601070404
-0.10484088957309723
-0.13826340436935425
0.05295346677303314
0.08458679914474487
0.05271965265274048
0.02530493587255478
