-0.06655099242925644
0.037619344890117645
0.035422053188085556
-0.1396593302488327
-0.10325299948453903
-0.05521692708134651
-0.09824907779693604
-0.06160091608762741
0.13417623937129974
-0.16242004930973053
0.2137705683708191
-0.0362706184387207
-0.15318429470062256
0.009064972400665283
-0.05537012219429016
0.2035224884748459
-0.18380768597126007
-0.13843843340873718
-0.06967796385288239
-0.017740454524755478
-0.00013439636677503586
0.053189586848020554
-0.032706815749406815
0.14659495651721954
-0.14266692101955414
-0.3414856791496277
-0.09353980422019958
-0.06779804825782776
-0.049480121582746506
-0.01783142425119877
-0.023060686886310577
0.145150825381279
-0.15496212244033813
-0.005718668922781944
0.0708877444267273
0.1283690333366394
-0.03288179263472557
-0.1078745573759079
0.20534533262252808
0.05129756033420563
-0.22103799879550934
-0.0025636963546276093
0.09249851107597351
0.2970166802406311
0.09436099231243134
-0.05645142123103142
0.055277928709983826
0.015779506415128708
0.1207776665687561
-0.2902117669582367
0.010851873084902763
0.14900386333465576
0.09481126070022583
0.031111175194382668
0.1307767927646637
-0.09668009728193283
0.10410738736391068
0.17487171292304993
-0.20990924537181854
0.029851745814085007
0.00575924851000309
-0.09163111448287964
0.022589394822716713
-0.09807692468166351
0.20760478079319
0.14421825110912323
-0.11346185952425003
-0.09110410511493683
0.19247867166996002
-0.0941394492983818
-0.0779077559709549
0.018240423873066902
-0.12890388071537018
-0.20005157589912415
-0.30346962809562683
-0.03358902037143707
0.3875199258327484
0.20644806325435638
-0.13416609168052673
0.13225583732128143
-0.009282956831157207
-0.09905703365802765
0.0314602293074131
0.09057232737541199
-0.05121154710650444
0.050625938922166824
-0.0599183551967144
0.10984517633914948
0.22370868921279907
0.03675075247883797
0.016806727275252342
0.2100442498922348
-0.011916862800717354
-0.00884306151419878
0.02882048301398754
0.007918456569314003
-0.08435145020484924
-0.03685661405324936
-0.13760721683502197
0.07327228784561157
-0.016999490559101105
-0.06883367151021957
-0.03709528595209122
0.11763548851013184
-0.22372564673423767
0.11338156461715698
-0.009231925010681152
-0.07503528892993927
-0.06183980405330658
0.09514014422893524
-0.11791562288999557
-0.01748892292380333
0.11924447119235992
-0.22398462891578674
0.12472455203533173
0.15451548993587494
0.044949088245630264
0.12704575061798096
0.06814310699701309
-0.027168478816747665
-0.004081124439835548
-0.11159985512495041
-0.20053164660930634
-0.13196489214897156
0.07678332924842834
-0.06138191744685173
0.06310879439115524
0.05687737837433815
