-0.11717578768730164
0.04031588137149811
0.030537061393260956
-0.10305269062519073
-0.16020803153514862
0.0204530768096447
-0.02229946292936802
0.0031052082777023315
0.12071830034255981
-0.16130933165550232
0.21538563072681427
-0.06226165220141411
-0.17690928280353546
-0.02214077115058899
-0.027335043996572495
0.20526166260242462
-0.15343862771987915
-0.12027499824762344
-0.06690488010644913
0.010222889482975006
0.0464884378015995
0.08300288766622543
-0.0650193989276886
0.11675103008747101
-0.16974785923957825
-0.3741036057472229
-0.004452463239431381
-0.07336126267910004
-0.11283914744853973
-0.08822173625230789
0.004457578063011169
0.174857497215271
-0.1297227293252945
0.04353204369544983
-0.028697580099105835
0.06974934786558151
-0.04182516783475876
-0.08703669905662537
0.23157165944576263
0.07460229098796844
-0.2588782012462616
-0.0006971396505832672
0.02668239176273346
0.2893749177455902
0.09121541678905487
-0.060847893357276917
0.046556368470191956
0.048778124153614044
0.10170994699001312
-0.3130995035171509
-0.018028289079666138
0.12676090002059937
0.044767607003450394
0.02578885853290558
0.07607622444629669
-0.06745186448097229
0.020938033238053322
0.11589464545249939
-0.22424867749214172
0.018222244456410408
-0.03693263977766037
-0.09801214933395386
0.01999254897236824
-0.11048020422458649
0.197032168507576
0.10134420543909073
-0.08367783576250076
-0.13141469657421112
0.16585291922092438
-0.12560132145881653
-0.13327322900295258
0.06742080301046371
-0.10567019879817963
-0.2420903593301773
-0.28679177165031433
0.08844713866710663
0.31085827946662903
0.20188584923744202
-0.15706786513328552
0.04916805028915405
0.017393415793776512
-0.12928688526153564
0.0728941410779953
0.12136130034923553
0.04831359535455704
-0.02892780303955078
-0.04797083139419556
0.06257222592830658
0.23302316665649414
-0.008027209900319576
-0.026946036145091057
0.27545979619026184
0.04987698048353195
-0.0660557672381401
-0.020453251898288727
0.019256852567195892
-0.039005957543849945
0.06993995606899261
-0.06451293081045151
0.10266663134098053
0.0680454820394516
-0.0584445483982563
-0.027352256700396538
0.13892385363578796
-0.19427591562271118
0.1359104961156845
-0.07922721654176712
-0.06811059266328812
-0.028404733166098595
0.06330177187919617
-0.15704761445522308
-0.050559673458337784
0.09819897264242172
-0.2346961498260498
0.10352582484483719
0.1715017855167389
0.04027045518159866
0.13266998529434204
0.0591219887137413
7.895287126302719e-05
0.05073406547307968
-0.04349410533905029
-0.2205156683921814
-0.12415198236703873
0.1628137081861496
-0.014721127226948738
-0.003386475145816803
0.057025246322155
