-0.13466136157512665
-0.04950200766324997
0.023299984633922577
-0.17273537814617157
-0.1312151998281479
-0.03414333239197731
-0.009900249540805817
-0.04501401260495186
0.16796660423278809
-0.16635985672473907
0.1652688831090927
-0.07805797457695007
-0.14510729908943176
0.026202335953712463
0.0059140520170331
0.17810159921646118
-0.18683701753616333
-0.16105368733406067
-0.052176449447870255
-0.022039558738470078
0.02133418619632721
0.08680250495672226
-0.049482561647892
0.09071780741214752
-0.15558980405330658
-0.36385828256607056
-0.08204613626003265
-0.06993569433689117
-0.005034350790083408
-0.0008147739572450519
0.02785293385386467
0.14920055866241455
-0.18447265028953552
0.02812221646308899
0.05773641914129257
0.06962871551513672
-0.029389556497335434
-0.13152314722537994
0.2162064015865326
0.07922129333019257
-0.24870342016220093
-0.06099153310060501
0.1327582150697708
0.24961738288402557
0.046088993549346924
-0.015798762440681458
0.0009949393570423126
-0.04672923684120178
0.11098062247037888
-0.28537943959236145
-0.004274619743227959
0.1210377961397171
0.03418765962123871
0.04299882799386978
0.07236038148403168
-0.1166217103600502
0.11653564125299454
0.078603096306324
-0.2699950337409973
0.08648352324962616
0.027479838579893112
-0.11299995332956314
-0.03946644067764282
-0.10137684643268585
0.21730944514274597
0.14880581200122833
-0.09310515224933624
-0.16394706070423126
0.13422580063343048
-0.11840203404426575
-0.10232341289520264
0.06448223441839218
-0.1179523766040802
-0.1991012990474701
-0.29360517859458923
-0.04463944584131241
0.3279632329940796
0.14964094758033752
-0.13267682492733002
0.06958581507205963
-0.011627702042460442
-0.08261848241090775
0.1142573356628418
0.13113784790039062
-0.01582460105419159
-0.024983180686831474
-0.05693626403808594
0.06743473559617996
0.2558419406414032
-0.02562989667057991
-0.01449885219335556
0.20567597448825836
0.007030194625258446
-0.005266867578029633
-0.04610031098127365
0.05494598671793938
-0.11302447319030762
0.0006174100562930107
-0.1104721873998642
0.01618041843175888
0.07107902318239212
0.011470349505543709
-0.007248556707054377
0.15916599333286285
-0.21841709315776825
0.13686636090278625
-0.003544032806530595
-0.12278451025485992
-0.013216925784945488
0.019638199359178543
-0.10098964720964432
-0.04802825301885605
0.058551181107759476
-0.19525493681430817
0.15534012019634247
0.16903695464134216
0.056994110345840454
0.14607514441013336
0.05175124853849411
-0.01913524977862835
-0.010982616804540157
-0.03519299253821373
-0.20353509485721588
-0.08188223838806152
0.08542831242084503
-0.003758032340556383
0.02358679287135601
0.028212524950504303
