-0.12140707671642303
0.1348772794008255
-0.00538264773786068
-0.0711841806769371
-0.10675550997257233
0.016994008794426918
-0.07570184022188187
-0.028465788811445236
0.20196790993213654
-0.06855800747871399
0.2039489597082138
-0.059811607003211975
-0.2708345651626587
0.0029245284385979176
-0.08201050758361816
0.07156917452812195
-0.13561759889125824
-0.08109568059444427
-0.00797230377793312
-0.07748478651046753
0.10841608792543411
0.13052737712860107
0.034600988030433655
0.07393690198659897
-0.13197119534015656
-0.35033878684043884
-0.1115342229604721
-0.08138421177864075
0.05598965659737587
-0.17831626534461975
0.009484054520726204
0.027762508019804955
-0.17146161198616028
-0.025644756853580475
0.024291113018989563
0.1243087649345398
-0.04176300764083862
-0.15137526392936707
0.21142862737178802
0.044259872287511826
-0.0942116528749466
-0.07008438557386398
0.02257944829761982
0.3251379430294037
0.051399827003479004
2.2831722162663937e-05
-0.008031487464904785
-0.10228054970502853
0.14648480713367462
-0.26592206954956055
0.17862659692764282
0.1350352019071579
0.1534796804189682
0.05126241594552994
0.12190088629722595
-0.12664039433002472
0.043773360550403595
0.17350034415721893
-0.21017307043075562
0.10502230376005173
0.09447843581438065
-0.01817905902862549
-0.027111338451504707
-0.12358318269252777
0.1833224892616272
0.10121356695890427
-0.11104186624288559
-0.12759444117546082
0.09208720922470093
-0.12552064657211304
-0.0695781335234642
0.11924410611391068
-0.031074320897459984
-0.23442216217517853
-0.2606050372123718
0.12173669785261154
0.44652241468429565
0.2500167489051819
-0.16873453557491302
0.016585228964686394
-0.061519064009189606
-0.07754568755626678
0.07716944068670273
0.0284217968583107
-0.14843909442424774
0.00629767868667841
-0.14999829232692719
0.08700636774301529
0.21760791540145874
0.009162136353552341
-0.11146757751703262
0.23699802160263062
0.01902521774172783
0.09712198376655579
0.03182738274335861
0.019970275461673737
-0.12747472524642944
0.0004958971403539181
-0.09105025231838226
0.020885344594717026
0.07866115123033524
-0.11675812304019928
-0.07741810381412506
0.09922212362289429
-0.18216416239738464
0.1485949605703354
0.036106403917074203
-0.11265847086906433
0.0014746333472430706
0.0002973934169858694
-0.2404937744140625
-0.012120593339204788
0.18073764443397522
-0.3485299348831177
0.1353265792131424
0.0836925357580185
0.11956387758255005
0.24902695417404175
0.11727944016456604
0.08436991274356842
0.05682889372110367
-0.1130821481347084
-0.14198076725006104
-0.10965737700462341
0.12229513376951218
0.0309139471501112
0.051112301647663116
0.030706606805324554
