-0.16042852401733398
0.1419128030538559
0.004260064102709293
-0.021061962470412254
-0.13016854226589203
0.03297004848718643
-0.05497574061155319
-0.14010675251483917
0.23801983892917633
-0.16321709752082825
0.20892742276191711
-0.00744243199005723
-0.23254266381263733
-0.028789177536964417
-0.007913089357316494
0.10158855468034744
-0.1700451672077179
-0.20376531779766083
0.047489482909440994
-0.03048679232597351
0.14192907512187958
0.019496673718094826
0.015430879779160023
0.060266830027103424
-0.12507396936416626
-0.36303573846817017
-0.12474468350410461
-0.05772697925567627
0.09123880416154861
-0.09219790250062943
-0.0877096876502037
-0.03200151026248932
-0.207302525639534
-0.04763530567288399
0.01638844609260559
0.13957233726978302
-0.010101253166794777
-0.07152727246284485
0.1540147364139557
0.01626061648130417
-0.19448314607143402
-0.030596157535910606
0.03711634874343872
0.24168093502521515
0.14735203981399536
0.10193810611963272
-0.047213561832904816
-0.14683286845684052
0.0864630714058876
-0.2626001834869385
0.11128079146146774
0.15751495957374573
0.092099130153656
0.019590254873037338
0.05996935814619064
-0.16178163886070251
0.0009337402880191803
0.11672892421483994
-0.2563673257827759
0.045021362602710724
0.0919213518500328
-0.04727368801832199
-0.05583636835217476
-0.08160975575447083
0.2627964913845062
0.18793277442455292
-0.11269309371709824
-0.15800747275352478
0.1468556821346283
-0.17332054674625397
-0.11718946695327759
0.09183956682682037
-0.05056881532073021
-0.21412786841392517
-0.2554015815258026
0.034050796180963516
0.48727214336395264
0.17717896401882172
-0.14342515170574188
0.046171825379133224
-0.05211811140179634
-0.04360174015164375
0.09362335503101349
0.07558970153331757
-0.09423281252384186
-0.005349663086235523
-0.1451621651649475
0.032704129815101624
0.2004115730524063
0.03797886520624161
-0.049651674926280975
0.21363361179828644
-0.008652010932564735
0.09803099930286407
0.056101810187101364
0.12777481973171234
-0.11982329189777374
-0.014974871650338173
-0.1737062633037567
-0.12468618154525757
0.04130009189248085
-0.026123248040676117
-0.04399240016937256
0.1499713957309723
-0.21018894016742706
0.14302638173103333
-0.01961662992835045
-0.08196553587913513
-0.007299922406673431
-0.06455216556787491
-0.1042393296957016
0.023267671465873718
0.10362784564495087
-0.344788521528244
0.17120002210140228
0.13843472301959991
0.047456737607717514
0.21061241626739502
0.07375907152891159
0.036184098571538925
0.031443700194358826
-0.11525537073612213
-0.23533102869987488
-0.09899771958589554
0.06459186226129532
-0.06548061966896057
0.08828791230916977
0.0216076597571373
