-0.16219653189182281
-0.007213808596134186
-0.05149802193045616
-0.11931455880403519
-0.09199780225753784
-0.05106775835156441
-0.014403682202100754
-0.03998969495296478
0.1678108423948288
-0.09755289554595947
0.25220251083374023
0.010084368288516998
-0.3006385862827301
-0.11968142539262772
-0.012897827662527561
0.049169763922691345
-0.1693737506866455
-0.1626889556646347
-0.0038392962887883186
-0.14168135821819305
0.07791783660650253
-0.06577762961387634
-0.02262892946600914
0.04402468726038933
-0.1714191734790802
-0.3028466999530792
-0.07303221523761749
-0.13601216673851013
-0.03505430370569229
-0.0901680737733841
0.08702731132507324
0.12354542315006256
-0.16532912850379944
-0.03891522437334061
0.028520390391349792
0.1349610835313797
0.03328701853752136
0.03586110472679138
0.18795590102672577
-0.04802693799138069
-0.1252284049987793
-0.027166973799467087
0.0425243154168129
0.2979993522167206
0.0978357121348381
0.067523293197155
0.007475579157471657
-0.003416365012526512
0.17415861785411835
-0.2452692836523056
0.14717289805412292
0.20097088813781738
0.1645178496837616
0.0216889139264822
0.06569688767194748
-0.1352287232875824
0.005615582689642906
0.16954010725021362
-0.16965481638908386
0.09765412658452988
0.054666947573423386
-0.0835648700594902
-0.08298153430223465
-0.0957196056842804
0.25355264544487
0.10863196104764938
-0.18606305122375488
-0.06596104055643082
0.22453269362449646
-0.07183980941772461
-0.08914334326982498
0.059095341712236404
-0.19203434884548187
-0.16784749925136566
-0.21739792823791504
0.1074017584323883
0.3642498552799225
0.09967703372240067
-0.1210753470659256
0.036978282034397125
-0.13695387542247772
0.028811274096369743
-0.03252984955906868
0.0005667298100888729
-0.1075410395860672
-0.011014994233846664
-0.09239658713340759
0.05085407942533493
0.18855305016040802
0.02152661606669426
-0.07287666201591492
0.19451233744621277
-0.010535405948758125
0.046749114990234375
0.03953611105680466
0.04402561113238335
-0.058891914784908295
-0.07638996839523315
-0.12664936482906342
-0.03283827006816864
0.1005738377571106
-0.1830834150314331
-0.03831750899553299
0.08207523822784424
-0.2053462415933609
0.11510019749403
-0.007708242628723383
0.045244477689266205
-0.016507692635059357
0.06418909877538681
-0.08317124098539352
-0.02332087606191635
0.11993130296468735
-0.285808801651001
0.27961069345474243
0.15801070630550385
0.11476236581802368
0.16861972212791443
0.05840326473116875
0.010945937596261501
0.011463399976491928
-0.11048547923564911
-0.14503178000450134
-0.13782735168933868
0.05036479979753494
0.03979072347283363
0.05413919687271118
0.0533602200448513
