-0.10183271765708923
-0.03234066814184189
0.04150232672691345
-0.11344436556100845
-0.07572328299283981
-0.10085953027009964
0.0025168973952531815
-0.08248667418956757
0.11026651412248611
-0.14438796043395996
0.18300794064998627
-0.11176007986068726
-0.11621458828449249
-0.004628371447324753
-0.008592624217271805
0.24890966713428497
-0.2768685817718506
-0.14315730333328247
-0.09830515086650848
-0.05711830034852028
0.0013419012539088726
0.0693906769156456
-0.0205220989882946
0.1557985246181488
-0.21360476315021515
-0.294403076171875
-0.022017359733581543
-0.11826705932617188
-0.018611786887049675
-0.021370649337768555
0.046432383358478546
0.19409020245075226
-0.13694533705711365
0.050951309502124786
0.04400787875056267
0.08428016304969788
0.03424171358346939
-0.11745382845401764
0.24306446313858032
0.0953294187784195
-0.2732619047164917
0.021675173193216324
0.08477743715047836
0.3137153387069702
0.1885572075843811
-0.06712225079536438
0.0249759741127491
0.016513045877218246
0.16753681004047394
-0.31144678592681885
-0.07061915099620819
0.09679967910051346
0.07000865787267685
0.003944024909287691
0.0767463967204094
-0.08839604258537292
0.08188042044639587
0.10011523962020874
-0.252937912940979
0.026365602388978004
0.05137411132454872
-0.09272293001413345
0.06649783998727798
-0.08421904593706131
0.1966656893491745
0.06260515749454498
-0.1537838876247406
-0.006499636918306351
0.14333684742450714
-0.1297127902507782
-0.07394673675298691
0.023226208984851837
-0.11636374890804291
-0.19272707402706146
-0.30583685636520386
-0.06584665179252625
0.3783320188522339
0.1329123079776764
-0.16732703149318695
0.08493104577064514
0.010381614789366722
-0.06405627727508545
0.10588395595550537
0.16753436625003815
-0.002070032060146332
-0.017596274614334106
-0.02647233009338379
0.04815797880291939
0.23071956634521484
0.0175778865814209
0.01829542964696884
0.24353577196598053
-0.006696496158838272
-0.08642075210809708
-0.012733789160847664
0.011019939556717873
-0.0803387463092804
0.003093970939517021
-0.0514465868473053
0.08378513157367706
-0.03970818966627121
-0.05261716991662979
0.0050687044858932495
0.08331748843193054
-0.22382903099060059
0.1761471927165985
-0.017740467563271523
-0.053168512880802155
-0.04340505227446556
0.06961523741483688
-0.07629914581775665
0.008941983804106712
0.09810487180948257
-0.22091637551784515
0.08783978968858719
0.19528326392173767
-0.011178139597177505
0.13184157013893127
0.0021269475109875202
0.015959102660417557
-0.04998752847313881
0.021289195865392685
-0.16625499725341797
-0.10238777846097946
0.08992932736873627
-0.07235541939735413
0.08878840506076813
0.03778716176748276
