0.0063277543522417545
0.04223640263080597
0.011773727834224701
-0.01482334267348051
-0.04515377804636955
-0.06561104953289032
-0.01797950640320778
-0.0459451824426651
0.1391935795545578
-0.0930175930261612
0.17954286932945251
-0.06766342371702194
-0.20478108525276184
-0.049814388155937195
0.057502638548612595
0.10061892122030258
-0.09432077407836914
-0.0331655852496624
-0.18302597105503082
-0.08559150993824005
0.010083051398396492
0.006172901019454002
-0.02942587248980999
0.020201001316308975
-0.07836432754993439
-0.245282381772995
-0.07684570550918579
-0.027150310575962067
0.11370307207107544
-0.05948777496814728
0.014180198311805725
0.059049177914857864
-0.1881231963634491
-0.07078595459461212
0.0711478590965271
0.05016925930976868
-0.07288598269224167
-0.05576103553175926
0.19767728447914124
1.1517666280269623e-05
-0.19309201836585999
0.024469010531902313
0.01314653642475605
0.2529062330722809
0.15334680676460266
0.03516079857945442
-0.00576389953494072
-0.08190631866455078
0.1051008552312851
-0.21133670210838318
-0.01174992322921753
0.19203074276447296
0.11747823655605316
0.10669970512390137
0.07009352743625641
-0.1403025984764099
0.07232604175806046
0.16609832644462585
-0.18817812204360962
0.050264835357666016
0.08420025557279587
-0.10874809324741364
-0.05570623278617859
-0.09167542308568954
0.19512969255447388
0.0777367651462555
-0.14086337387561798
-0.17262855172157288
0.1435859203338623
-0.16885264217853546
-0.030729196965694427
0.08879965543746948
-0.07410702109336853
-0.16196638345718384
-0.28149762749671936
0.02034129947423935
0.37096816301345825
0.1873631626367569
-0.21978946030139923
-0.0004160725511610508
-0.09869265556335449
-0.013190018013119698
0.0875999853014946
0.09014056622982025
-0.06783932447433472
-0.034932054579257965
-0.023448767140507698
-0.0016495650634169579
0.17295898497104645
-0.03660522401332855
0.011905265040695667
0.18213143944740295
0.022932153195142746
-0.010665950365364552
-0.06680183112621307
-0.051330212503671646
-0.11769603192806244
-0.028948403894901276
-0.08787122368812561
-0.02559162676334381
0.05803077667951584
-0.12924820184707642
0.05882902070879936
0.13634590804576874
-0.22393979132175446
0.2402658611536026
0.02369922772049904
-0.006153326015919447
0.07078801840543747
0.07503022253513336
-0.04860931634902954
-0.014192570000886917
0.1465683877468109
-0.2861879765987396
0.23767715692520142
0.19501306116580963
0.05831383541226387
0.08738137036561966
0.05438044294714928
0.1327030062675476
-0.017988860607147217
0.004215898457914591
-0.1690904200077057
-0.1153043583035469
-0.03138040006160736
-0.019315212965011597
0.014902377501130104
-0.005766122601926327
