-0.07758963108062744
0.008449796587228775
0.09005558490753174
-0.15414762496948242
-0.15696482360363007
0.008052829653024673
-0.007907736115157604
-0.012477431446313858
0.14416535198688507
-0.10137777775526047
0.14323461055755615
-0.014394154772162437
-0.1513780802488327
0.023848216980695724
0.014409603551030159
0.2273489236831665
-0.20321409404277802
-0.1154303029179573
-0.04256089776754379
-0.04434499517083168
0.0038761128671467304
0.06322617828845978
-0.10072841495275497
0.11751459538936615
-0.14082781970500946
-0.27626463770866394
-0.08182843774557114
-0.08531855046749115
-0.09502553939819336
0.02356782928109169
-0.015280109830200672
0.16047842800617218
-0.08186984807252884
-0.014803213998675346
0.08311983942985535
0.049066364765167236
-0.09808725863695145
-0.12201891839504242
0.20013844966888428
0.03640371933579445
-0.16142155230045319
-0.006419557146728039
0.18073762953281403
0.28842395544052124
0.21229656040668488
-0.014280145056545734
0.03172270953655243
-0.01685165986418724
0.21096079051494598
-0.34112077951431274
0.02669616974890232
0.10699588060379028
0.11428039520978928
0.0801413282752037
0.14255264401435852
-0.13028863072395325
0.06078024581074715
0.09644915908575058
-0.21826162934303284
0.0879589170217514
0.016249874606728554
-0.12692919373512268
-0.017357509583234787
-0.18010587990283966
0.2452964186668396
0.12082362920045853
-0.14735475182533264
-0.1318047046661377
0.17453497648239136
-0.10248178243637085
-0.1462438851594925
-0.007773352786898613
-0.16829244792461395
-0.17752531170845032
-0.3141355812549591
-0.01711692474782467
0.2751322090625763
0.19008313119411469
-0.18854038417339325
0.060792554169893265
-0.00695539778098464
-0.07399754971265793
0.04080868139863014
0.14858922362327576
0.02692275121808052
-0.08206035941839218
-0.03224299103021622
0.0154994186013937
0.2424759566783905
-0.06549734622240067
0.03755807504057884
0.269169420003891
0.03133561462163925
-0.029788149520754814
-0.05405452847480774
0.011060682125389576
-0.10327745229005814
0.01788567565381527
-0.1764555126428604
0.041671089828014374
-0.009841944091022015
-0.015956703573465347
0.022998962551355362
0.14337314665317535
-0.22582101821899414
0.16346244513988495
-0.03379593417048454
-0.007921058684587479
-0.0763351246714592
-0.06524983048439026
-0.18754960596561432
0.02547932043671608
0.15939265489578247
-0.1787438988685608
0.1082550659775734
0.1100306361913681
0.04081219807267189
0.09111113846302032
0.06397388130426407
-0.0028745150193572044
-0.003870343789458275
-0.07620872557163239
-0.2250850647687912
-0.0332188680768013
0.12689022719860077
-0.07323312014341354
0.0036719338968396187
0.0978272557258606
