-0.18069536983966827
0.07539849728345871
-0.010049443691968918
-0.05157560110092163
-0.07830855995416641
0.020757373422384262
-0.0716625452041626
-0.105345718562603
0.2250128537416458
-0.08098120242357254
0.1730632781982422
-0.05385763943195343
-0.28349560499191284
-0.06753166764974594
-0.03158979490399361
0.10469254106283188
-0.1495455950498581
-0.13991841673851013
0.008948350325226784
-0.11582273244857788
0.1484924703836441
0.042894814163446426
0.02067999728024006
0.10309147089719772
-0.18801036477088928
-0.3031978905200958
-0.13671161234378815
-0.13723066449165344
-0.00981411524116993
-0.09526161849498749
-0.03314245492219925
0.002730721142143011
-0.15453949570655823
-0.03707119822502136
0.022212229669094086
0.13078436255455017
0.015322644263505936
-0.08395486325025558
0.16856667399406433
0.024896282702684402
-0.09477762877941132
0.03181567043066025
0.062218714505434036
0.24348004162311554
0.10032705217599869
0.0932314321398735
-0.02257940173149109
-0.0989980697631836
0.19374977052211761
-0.26272398233413696
0.14381060004234314
0.16140228509902954
0.15493348240852356
0.003932254388928413
0.165538489818573
-0.18268834054470062
0.04457270726561546
0.1682555228471756
-0.2690376043319702
0.13510358333587646
0.06327740848064423
-0.01104719564318657
-0.02237316220998764
-0.06498932838439941
0.22682541608810425
0.18778148293495178
-0.14208786189556122
-0.09749256074428558
0.14307573437690735
-0.11829376220703125
-0.0674545019865036
0.07818593829870224
-0.10190559178590775
-0.23616907000541687
-0.27978500723838806
0.12089546024799347
0.4798785150051117
0.20773062109947205
-0.2050771266222
0.04234336316585541
-0.02809763513505459
-0.022210225462913513
0.05659085512161255
0.046871330589056015
-0.18785274028778076
-0.005537157878279686
-0.1682722270488739
0.0001666005700826645
0.1622786819934845
0.08311909437179565
-0.04674646258354187
0.29581525921821594
0.03108244016766548
0.10124142467975616
0.06808003038167953
0.04344316944479942
-0.1760951280593872
-0.0907650887966156
-0.1312960982322693
-0.08563172072172165
0.04684494435787201
-0.08972617238759995
-0.02629224583506584
0.09151449799537659
-0.1668105274438858
0.11080015450716019
-0.04327952489256859
-0.08783841133117676
-0.12106630206108093
0.01651538722217083
-0.16214922070503235
0.054110314697027206
0.12476024776697159
-0.3128192722797394
0.11371121555566788
0.07276173681020737
0.09708788990974426
0.21066094934940338
0.10369903594255447
0.06470076739788055
0.006775141693651676
-0.050432756543159485
-0.13798236846923828
-0.10125760734081268
0.10804864764213562
-0.03519831597805023
0.10268713533878326
0.06721237301826477
