-0.08016412705183029
0.07040296494960785
0.05920024961233139
-0.12171565741300583
-0.1805700808763504
0.08007299900054932
-0.046577274799346924
-0.047749556601047516
0.1619752049446106
-0.129107266664505
0.1560966670513153
-0.053464118391275406
-0.22912530601024628
-0.008029055781662464
0.014629088342189789
0.20390652120113373
-0.13194888830184937
-0.15736395120620728
-0.03940325975418091
-0.009175991639494896
-0.04509362578392029
0.12626321613788605
-0.061495669186115265
0.05368196964263916
-0.14394636452198029
-0.36034470796585083
-0.05036425217986107
-0.0921848863363266
-0.007773436605930328
-0.14415551722049713
-0.028719313442707062
0.13315623998641968
-0.12960046529769897
0.016918741166591644
0.012847481295466423
0.08077861368656158
-0.08569493889808655
-0.12264686822891235
0.2015458643436432
0.10411505401134491
-0.2645528316497803
-0.017641302198171616
0.05508222430944443
0.268494188785553
0.1244092732667923
-0.05654008686542511
0.059044741094112396
-0.03963378444314003
0.10645493119955063
-0.26661235094070435
0.01624392159283161
0.12385876476764679
0.04867400601506233
0.04849739372730255
0.06126726418733597
-0.11703922599554062
0.009347131475806236
0.07675150036811829
-0.20076298713684082
0.0371832475066185
0.08772919327020645
-0.026954229921102524
-0.021401893347501755
-0.07318929582834244
0.2227538377046585
0.09667422622442245
-0.07232111692428589
-0.12550579011440277
0.17971982061862946
-0.1483347862958908
-0.13448819518089294
0.05109279975295067
-0.11833648383617401
-0.1814872920513153
-0.2389683723449707
0.03686227649450302
0.37528079748153687
0.16773822903633118
-0.1719830334186554
0.05331474542617798
0.022991176694631577
-0.09211064875125885
0.09476254135370255
0.1661365032196045
-0.003365311771631241
0.007679697126150131
0.019061017781496048
0.04609258472919464
0.26972419023513794
-0.0029753725975751877
0.00791923701763153
0.2084866315126419
0.07553763687610626
0.020427599549293518
0.03657650947570801
-0.015496747568249702
-0.006778884679079056
-0.024003952741622925
-0.11864554136991501
0.020151223987340927
-0.020713265985250473
-0.04697832465171814
-0.016071390360593796
0.1635901778936386
-0.17672674357891083
0.2359246462583542
0.03603380173444748
-0.07919689267873764
-0.014311821199953556
0.0678415521979332
-0.06831781566143036
-0.03902430832386017
0.15668785572052002
-0.21347837150096893
0.11378158628940582
0.1500394493341446
0.0411471463739872
0.10471607744693756
0.055517278611660004
0.06705335527658463
0.024771342054009438
-0.01955225318670273
-0.1979849636554718
-0.09906626492738724
0.11890992522239685
-0.06401368975639343
0.01571815274655819
0.04172312095761299
