-0.0558016411960125
0.10111814737319946
-0.017632700502872467
-0.004281779285520315
-0.108019158244133
0.08043958246707916
0.02351474016904831
-0.14773154258728027
0.12395250052213669
-0.09194834530353546
0.23082956671714783
-0.05963098630309105
-0.32038697600364685
-0.12321475148200989
0.03531217947602272
0.08277759701013565
-0.11909302324056625
-0.10262240469455719
-0.2045382857322693
-0.08298028260469437
-0.04883725196123123
0.04131407290697098
0.009466547518968582
-0.012827187776565552
-0.08935395628213882
-0.3475078344345093
-0.09903022646903992
-0.10407289117574692
0.04446293041110039
-0.21165865659713745
-0.029030360281467438
0.006233772728592157
-0.1717648208141327
-0.06846047937870026
-0.0030249906703829765
0.02880094386637211
-0.08778730779886246
-0.10323569178581238
0.23849697411060333
-0.0063095130026340485
-0.11651134490966797
0.003379000350832939
0.010708657093346119
0.2979927957057953
0.2443533092737198
-0.01059260219335556
-0.019254595041275024
-0.10120096802711487
0.2095354050397873
-0.3319391906261444
0.15162687003612518
0.09418027102947235
0.1357375979423523
0.13343481719493866
0.0736386775970459
-0.19281408190727234
0.01756213791668415
0.164967879652977
-0.23356184363365173
0.058159131556749344
0.062213294208049774
-0.10526257753372192
-0.05121143162250519
-0.009693100117146969
0.2387363314628601
0.11403445154428482
-0.11892238259315491
-0.14712436497211456
0.11536194384098053
-0.20069442689418793
0.024250656366348267
0.08654800057411194
-0.07818935811519623
-0.21484316885471344
-0.3265160322189331
0.15223920345306396
0.43343380093574524
0.17490814626216888
-0.24564991891384125
-0.07581038773059845
-0.10155665874481201
-0.0555170401930809
0.11366057395935059
0.061434924602508545
-0.07304234057664871
-0.08995186537504196
-0.10735664516687393
0.04255504906177521
0.23036959767341614
-0.03883174806833267
-0.07082049548625946
0.30744799971580505
0.043755464255809784
-0.000102960504591465
0.0826936885714531
0.05417255684733391
-0.06706097722053528
-0.04946550354361534
-0.07405266165733337
0.06694252789020538
0.04570437967777252
-0.1627083718776703
-0.025463074445724487
0.08967652916908264
-0.18812024593353271
0.26748421788215637
-0.007779780309647322
-0.021665900945663452
-0.0024392809718847275
-0.2082396149635315
-0.0796901136636734
0.028159290552139282
0.21824206411838531
-0.4080864489078522
0.18046675622463226
0.1352459192276001
0.0600389689207077
0.22559382021427155
-0.020907234400510788
0.08033329993486404
0.001308932900428772
-0.03737899288535118
-0.18798866868019104
-0.05682440102100372
0.08351214230060577
0.009840733371675014
-0.00817419495433569
0.04087623953819275
