-0.13643568754196167
0.016128618270158768
0.039118245244026184
-0.03172558546066284
-0.0427461639046669
0.0663314238190651
-0.060812994837760925
-0.052090633660554886
0.18464794754981995
-0.08339789509773254
0.25891682505607605
0.009686527773737907
-0.18513432145118713
0.03500158712267876
-0.061130620539188385
0.09264499694108963
-0.20982874929904938
-0.07407069206237793
0.01791156455874443
-0.07220561057329178
0.03785942867398262
-0.01934771053493023
-0.008340357802808285
0.05485721677541733
-0.14278805255889893
-0.27310195565223694
-0.05973834916949272
-0.08479216694831848
0.05096030607819557
-0.06265812367200851
-0.03182482719421387
0.04037492722272873
-0.18683640658855438
0.01717066764831543
-0.002009127289056778
0.14205168187618256
0.03417056053876877
0.021834811195731163
0.15790614485740662
0.023467034101486206
-0.14067012071609497
0.08113505691289902
-0.02019982971251011
0.30256387591362
0.1672968566417694
0.05786367133259773
-0.05626246705651283
-0.1031443327665329
0.13681691884994507
-0.2790953814983368
0.13200753927230835
0.17092958092689514
0.16081318259239197
0.028855372220277786
0.0017223861068487167
-0.17620758712291718
-0.004757271148264408
0.14839552342891693
-0.16676510870456696
0.125626802444458
0.1197785884141922
-0.01863582618534565
0.08122387528419495
-0.09539631754159927
0.17439885437488556
0.15157674252986908
-0.18407438695430756
-0.08589868247509003
0.06086725369095802
-0.0717557966709137
0.002925110049545765
0.04934348165988922
-0.13357655704021454
-0.2623930871486664
-0.285754919052124
0.13435760140419006
0.41339385509490967
0.17915873229503632
-0.15825128555297852
-0.018351353704929352
-0.08495667576789856
0.013463024981319904
0.09328232705593109
0.06875482201576233
-0.0967431366443634
-0.06819827854633331
-0.08730372041463852
0.056857917457818985
0.14059363305568695
0.0391959510743618
-0.040932800620794296
0.18736481666564941
-0.06999591737985611
0.0541427880525589
-0.0419287271797657
0.14590300619602203
-0.13026908040046692
0.04691453278064728
-0.1303938776254654
0.020552974194288254
-0.07510557770729065
-0.06652763485908508
0.054843444377183914
0.10923828184604645
-0.1934329718351364
0.15379652380943298
-0.03309831768274307
-0.00913485512137413
0.02048438973724842
0.05273773521184921
-0.08446990698575974
0.016643602401018143
0.14496344327926636
-0.30628520250320435
0.20797014236450195
0.16129668056964874
0.08797425031661987
0.19507959485054016
0.09129597991704941
0.08810355514287949
-0.019230324774980545
-0.011121726594865322
-0.1704278141260147
-0.013357884250581264
-0.008631173521280289
-0.03501857444643974
0.06920778751373291
0.0542161762714386
