-0.15726019442081451
0.1438852697610855
0.014069924131035805
0.051073815673589706
-0.05851930379867554
0.0391460619866848
-0.09208020567893982
-0.07625520974397659
0.13434290885925293
-0.02335946261882782
0.2872374951839447
-0.11969145387411118
-0.2960232198238373
-0.0821402445435524
-0.07527071982622147
0.1945490539073944
-0.17601606249809265
-0.05713663250207901
-0.07153370976448059
-0.060119591653347015
0.08445373177528381
0.10190308839082718
0.12420421838760376
0.05687209218740463
-0.06096459552645683
-0.40602701902389526
-0.0853581428527832
-0.16872571408748627
0.11469816416501999
-0.17072908580303192
-0.13202688097953796
-0.036786001175642014
-0.15459400415420532
-0.08267789334058762
0.007627025246620178
0.06897730380296707
-0.04540238529443741
-0.08862233906984329
0.22410790622234344
0.01937233656644821
-0.07718239724636078
0.0537477508187294
0.0019807592034339905
0.32994672656059265
0.17963333427906036
0.07580078393220901
-0.017039693892002106
-0.11096098273992538
0.09562776982784271
-0.27550002932548523
0.1291477233171463
0.12410969287157059
0.1693739891052246
0.04452065750956535
0.12396827340126038
-0.16537867486476898
0.001245812512934208
0.11869607865810394
-0.1934373527765274
0.1000247523188591
0.0774923712015152
0.02464897371828556
0.011219000443816185
-0.08498755097389221
0.25127843022346497
0.08693825453519821
-0.11363034695386887
-0.08531194925308228
0.13012662529945374
-0.051963623613119125
0.013602456077933311
0.07151976972818375
-0.10130567848682404
-0.22707633674144745
-0.24902494251728058
0.09408429265022278
0.4463345408439636
0.12746290862560272
-0.2485388070344925
0.009806063957512379
-0.0541437529027462
-0.07936406135559082
0.061426322907209396
0.017340611666440964
-0.09305533021688461
-0.08590637147426605
-0.18194419145584106
0.02941219136118889
0.13603156805038452
-0.05834927037358284
-0.029721597209572792
0.23750339448451996
-0.01065783016383648
0.055129580199718475
0.08009626716375351
0.08274760842323303
-0.1534660905599594
0.005630723666399717
-0.11082187294960022
-0.012054547667503357
0.04061519354581833
-0.14363530278205872
-0.0556720532476902
0.03319498896598816
-0.1405070573091507
0.1480562835931778
0.004977047443389893
-0.05147191509604454
-0.013309422880411148
-0.04094839096069336
-0.16030210256576538
0.0654335767030716
0.2039758861064911
-0.31319567561149597
0.2288367748260498
0.12808144092559814
0.07345455139875412
0.20421253144741058
0.05311412736773491
0.10774240642786026
-0.017807621508836746
-0.0011867182329297066
-0.20413875579833984
-0.11252779513597488
0.08210141211748123
-0.029043221846222878
0.028465908020734787
0.07987523078918457
