-0.12216930091381073
0.03685428947210312
-0.008322360925376415
-0.13166312873363495
-0.08634147047996521
-0.03093152865767479
0.001177893951535225
-0.09637653827667236
0.1867736130952835
-0.11264250427484512
0.213485449552536
-0.11046548187732697
-0.22679196298122406
-0.069114550948143
0.024592500180006027
0.18213307857513428
-0.17383785545825958
-0.16651485860347748
-0.11562391370534897
-0.045122645795345306
-0.031212495639920235
0.008475909940898418
-0.028128908947110176
0.10086843371391296
-0.18358288705348969
-0.3031538724899292
-0.09805687516927719
-0.14733336865901947
0.009164760820567608
-0.08010003715753555
0.10538637638092041
0.15494148433208466
-0.16535638272762299
-0.026256024837493896
0.04178307205438614
0.09232082217931747
-0.028180453926324844
-0.06848226487636566
0.18779630959033966
-0.01791248470544815
-0.240027517080307
-0.02095049060881138
0.08682521432638168
0.29182636737823486
0.1048358753323555
-0.04846436157822609
0.009112536907196045
-0.008118828758597374
0.09318897128105164
-0.25011536478996277
-0.04842139035463333
0.11165186017751694
0.0622965469956398
0.04797166585922241
0.0750635415315628
-0.14630107581615448
0.09281084686517715
0.1667051464319229
-0.2933524549007416
0.04245711863040924
0.045310378074645996
-0.10420073568820953
-0.07228854298591614
-0.057805608958005905
0.20652061700820923
0.09017511457204819
-0.17232410609722137
-0.13410311937332153
0.17052316665649414
-0.14080287516117096
-0.006965666078031063
0.09251224249601364
-0.14237307012081146
-0.2016145884990692
-0.32373151183128357
0.004777662456035614
0.386646032333374
0.08085896819829941
-0.12690453231334686
0.08817288279533386
-0.007447279989719391
-0.05003455653786659
-0.013027604669332504
0.1163301095366478
-0.04235127568244934
-0.030939064919948578
-0.026593612506985664
0.03860868141055107
0.16399987041950226
-0.008732043206691742
0.04469366744160652
0.1997484266757965
-0.018727868795394897
-0.047640636563301086
-0.03218505159020424
0.017554551362991333
-0.07040765881538391
-0.04090339317917824
-0.08465133607387543
0.08279543370008469
-0.038102295249700546
-0.09540923684835434
-0.03620200231671333
0.07249155640602112
-0.19302549958229065
0.17702166736125946
0.06240951642394066
-0.06101936474442482
-0.06684865802526474
0.05054666846990585
-0.06987468153238297
-0.027347054332494736
0.1619947850704193
-0.3120430111885071
0.16126322746276855
0.2156578004360199
0.06760526448488235
0.12167112529277802
0.0442754365503788
0.009279713965952396
-0.0003738654777407646
0.020206594839692116
-0.19761140644550323
-0.08568908274173737
0.05896841362118721
-0.10371138155460358
-0.022773902863264084
0.017396926879882812
