-0.1711551994085312
0.14295019209384918
0.009968658909201622
-0.0790289118885994
-0.016921715810894966
-0.12111121416091919
-0.0037209298461675644
-0.07165177911520004
0.24358031153678894
-0.02556660957634449
0.16673369705677032
0.036203451454639435
-0.17271468043327332
-0.04767612740397453
0.002232777886092663
0.023594249039888382
-0.14235174655914307
-0.1100044846534729
-0.027204392477869987
0.0016972590237855911
0.16004739701747894
0.02639271505177021
0.08627308160066605
0.13018353283405304
-0.11697465181350708
-0.39254459738731384
-0.09459691494703293
-0.15175974369049072
0.039977893233299255
-0.07557106018066406
0.08207174390554428
0.05771627277135849
-0.23895710706710815
-0.09214216470718384
-0.010070575401186943
0.09688121825456619
-0.017378024756908417
-0.043049976229667664
0.1858588308095932
0.08153200149536133
-0.1410917192697525
-0.058772388845682144
-0.03503875806927681
0.30911174416542053
0.08681775629520416
0.07295044511556625
0.0839393362402916
-0.02901540882885456
0.10985834896564484
-0.21467725932598114
0.05200641602277756
0.14632658660411835
0.14102597534656525
-0.0021578799933195114
0.10575752705335617
-0.15777862071990967
0.14843624830245972
0.08081945776939392
-0.324442982673645
0.11786914616823196
0.0830480083823204
-0.035237304866313934
-0.03381561115384102
0.06266211718320847
0.23656809329986572
0.13627010583877563
-0.09280821681022644
-0.0722508430480957
0.09561643749475479
-0.1447172462940216
0.009413646534085274
0.09622509777545929
-0.12115225940942764
-0.23068244755268097
-0.1874203234910965
0.07344865798950195
0.3814617395401001
0.15247976779937744
-0.1504889726638794
0.013999629765748978
-0.10719303041696548
0.011810440570116043
0.06938920170068741
0.04618818312883377
-0.1691724956035614
0.027071364223957062
-0.16757500171661377
0.03712069243192673
0.14390906691551208
0.06783750653266907
-0.0648527517914772
0.23282843828201294
0.008005990646779537
0.004298710264265537
0.013504469767212868
-0.027670158073306084
-0.1586017906665802
0.015479791909456253
-0.09707137942314148
-0.026739053428173065
0.04752625524997711
-0.044932201504707336
-0.06755337864160538
0.08728816360235214
-0.19916655123233795
0.06451775133609772
-0.03940867632627487
-0.09394580870866776
-0.06487645208835602
0.0028283922001719475
-0.17793786525726318
-0.09569266438484192
0.06003493070602417
-0.20290224254131317
0.1937638521194458
0.17380252480506897
0.02130049280822277
0.16825562715530396
0.04291490092873573
0.012254901230335236
0.04692002013325691
-0.007349609397351742
-0.10829342156648636
-0.05551911145448685
0.11932221800088882
-0.002983883023262024
0.04561866819858551
-0.08602605760097504
